OBJECT 4 crossroads

TEXTURE	pave1
TYPE	left_pave

QUAD 20.00  0.00   0.00
  0.00  0.00   0.00
  0.00  0.00  20.00
 20.00  0.00  20.00

QUAD 20.00  0.00  20.00
  0.00  0.00  20.00
  0.00  0.00  40.00
 20.00  0.00  40.00  

QUAD 20.00  0.00  40.00
  0.00  0.00  40.00
  0.00  0.00  60.00
 20.00  0.00  60.00


QUAD   0.00  0.00  60.00
   0.00  0.00  40.00
 -20.00  0.00  40.00
 -20.00  0.00  60.00

QUAD -20.00  0.00  60.00
 -20.00  0.00  40.00
 -40.00  0.00  40.00
 -40.00  0.00  60.00


QUAD   0.00  0.00   200.00
   0.00  0.00   180.00
 -20.00  0.00   180.00
 -20.00  0.00   200.00

QUAD -20.00  0.00  200.00
 -20.00  0.00  180.00
 -40.00  0.00  180.00
 -40.00  0.00  200.00


QUAD 20.00  0.00  180.00
  0.00  0.00  180.00
  0.00  0.00  200.00
 20.00  0.00  200.00

QUAD 20.00  0.00  200.00
  0.00  0.00  200.00
  0.00  0.00  220.00
 20.00  0.00  220.00  

QUAD 20.00  0.00  220.00
  0.00  0.00  220.00
  0.00  0.00  240.00
 20.00  0.00  240.00


TYPE	right_pave

QUAD 160.00 0.00   0.00
 140.00 0.00   0.00
 140.00 0.00  20.00
 160.00 0.00  20.00

QUAD 160.00 0.00  20.00
 140.00 0.00  20.00
 140.00 0.00  40.00
 160.00 0.00  40.00

QUAD 160.00 0.00  40.00
 140.00 0.00  40.00
 140.00 0.00  60.00
 160.00 0.00  60.00


QUAD 160.00 0.00  40.00
 160.00 0.00  60.00
 180.00 0.00  60.00
 180.00 0.00  40.00

QUAD 180.00 0.00  40.00
 180.00 0.00  60.00
 200.00 0.00  60.00
 200.00 0.00  40.00


QUAD 160.00 0.00  180.00
 160.00 0.00  200.00
 180.00 0.00  200.00
 180.00 0.00  180.00

QUAD 180.00 0.00  180.00
 180.00 0.00  200.00
 200.00 0.00  200.00
 200.00 0.00  180.00


QUAD 160.00 0.00  180.00
 140.00 0.00  180.00
 140.00 0.00  200.00
 160.00 0.00  200.00

QUAD 160.00 0.00  200.00
 140.00 0.00  200.00
 140.00 0.00  220.00
 160.00 0.00  220.00

QUAD 160.00 0.00  220.00
 140.00 0.00  220.00
 140.00 0.00  240.00
 160.00 0.00  240.00

TEXTURE	curb
TYPE	left_curb

QUADTEX 0.00  0.00   0.00	0.0	0.0
 0.00  240.00   0.00	2.0	0.0
 0.00  240.00  40.00	2.0	1.0
 0.00  0.00  40.00	0.0	1.0


QUADTEX  0.00  0.00  40.00	0.0	0.0
  0.00  240.00  40.00	2.0	0.0
 -40.00  240.00  40.00	2.0	1.0
 -40.00  0.00  40.00	0.0	1.0


QUADTEX 0.00  240.00  200.00	0.0	0.0
 0.00  0.00  200.00	2.0	0.0
 -40.00  0.00  200.00	2.0	1.0
 -40.00  240.00  200.00	0.0	1.0

QUADTEX 0.00  0.00  200.00	0.0	0.0
 0.00  240.00  200.00	2.0	0.0
 0.00  240.00  240.00	2.0	1.0
 0.00  0.00  240.00	0.0	1.0


TYPE	right_curb


QUADTEX 	 160.00 240.00   0.00	0.0	0.0
	 160.00 0.00   0.00	2.0	0.0
	 160.00 0.00  40.00	2.0	1.0
	160.00 240.00  40.00	0.0	1.0


QUADTEX  200.00  0.00  40.00	0.0	0.0
 200.00  240.00  40.00	2.0	0.0
 160.00  240.00  40.00	2.0	1.0
160.00  0.00  40.00	0.0	1.0





QUADTEX 160.00  0.00  200.00	0.0	0.0
 160.00  240.00  200.00	2.0	0.0
 200.00  240.00  200.00	2.0	1.0
 200.00  0.00  200.00	0.0	1.0

QUADTEX 160.00 240.00  200.00	0.0	0.0
 160.00 0.00  200.00	2.0	0.0
 160.00 0.00  240.00	2.0	1.0
 160.00 240.00  240.00	0.0	1.0





TEXTURE	tile
TYPE	road_surface

QUAD  20.00  0.00   0.00
	  20.00  0.00  60.00
     140.00  0.00  60.00
     140.00  0.00   0.00

QUAD  20.00  0.00  180.00
      20.00  0.00  240.00
     140.00  0.00  240.00
     140.00  0.00  180.00


QUAD  80.00  0.00  60.00
      20.00  0.00  60.00
      20.00  0.00  180.00
      80.00  0.00  180.00

QUAD  20.00  0.00  60.00
      -40.00  0.00  60.00
     -40.00  0.00  180.00
     20.00  0.00  180.00

QUAD  140.00  0.00  60.00
      80.00  0.00  60.00
     80.00  0.00  180.00
     140.00  0.00  180.00

QUAD 200.00  0.00  60.00
     140.00  0.00  60.00
     140.00  0.00  180.00
     200.00  0.00  180.00


TEXTURE	tile
TYPE	road_ceiling

QUAD 160.00  240.00   0.00
     160.00  240.00  40.00
       0.00  240.00  40.00
	 0.00  240.00   0.00


     

QUAD     160.00  240.00  200.00
     160.00  240.00  240.00
      0.00  240.00  240.00
  0.00  240.00  200.00





QUAD     200.00  240.00   40.00
     200.00  240.00  200.00
	  -40.00  240.00  200.00
  -40.00  240.00   40.00







OBJECT 3 t_junction


TEXTURE	floor01
TYPE	left_curb


QUADTEX 0.00  0.00   0.00 	0.0	2.0
 0.00  240.00   0.00	0.0	0.0
 0.00  240.00  40.00	1.0	0.0
 0.00  0.00  40.00	1.0	2.0


QUADTEX  0.00  0.00  40.00 	0.0	2.0
  0.00  240.00  40.00	0.0	0.0
 -40.00  240.00  40.00	1.0	0.0
 -40.00  0.00  40.00	1.0	2.0


QUADTEX 80.00  240.00 200.00 	1.0	0.0
 80.00  0.00 200.00				1.0	2.0
 20.00  0.00 200.00				0.0	2.0
 20.00  240.00 200.00			0.0	0.0

QUADTEX 20.00  240.00  200.00 1.0	0.0
 20.00  0.00  200.00		1.0	2.0	
 -40.00  0.00  200.00		0.0	2.0
 -40.00  240.00  200.00		0.0	0.0


TYPE	right_curb

QUADTEX 160.00 240.00   0.00 	1.0	0.0
 160.00 0.00   0.00				1.0	2.0
 160.00 0.00  40.00				0.0	2.0
 160.00 240.00  40.00			0.0	0.0


QUADTEX  200.00  0.00  40.00 	0.0	2.0
 200.00  240.00  40.00	0.0	0.0
 160.00  240.00  40.00	1.0	0.0
160.00  0.00  40.00	1.0	2.0


QUADTEX 80.00  0.00  200.00 	0.0	2.0
 80.00  240.00  200.00	0.0	0.0
 140.00  240.00  200.00	1.0	0.0
 140.00  0.00  200.00	1.0	2.0

QUADTEX 140.00  0.00  200.00 		0.0	2.0
 140.00  240.00  200.00				0.0	0.0
 200.00  240.00  200.00				1.0	0.0
 200.00  0.00  200.00				1.0	2.0



TEXTURE	tile
TYPE	road_surface



QUADTEX 0.00  0.00   0.00 	2.0	0.0
    0.00  0.00   40.00		2.0	0.5
    160.00  0.00  40.00		0.0	0.5
     160.00  0.00  0.00		0.0	0.0

QUADTEX  80.00  0.00  40.00	2.0	0.0
      20.00  0.00  40.00	2.0	1.0
      20.00  0.00  200.00	0.0	1.0
      80.00  0.00  200.00	0.0	0.0

QUADTEX  20.00  0.00  40.00	2.0	0.0
     -40.00  0.00  40.00	2.0	1.0
     -40.00  0.00  200.00	0.0	1.0
      20.00  0.00  200.00	0.0	0.0

QUADTEX 140.00  0.00  40.00	2.0	0.0
      80.00  0.00  40.00	2.0	1.0
      80.00  0.00  200.00	0.0	1.0
     140.00  0.00  200.00	0.0	0.0

QUADTEX 200.00  0.00  40.00	2.0	0.0
     140.00  0.00  40.00	2.0	1.0	
     140.00  0.00  200.00	0.0	1.0
     200.00  0.00  200.00	0.0	0.0

TEXTURE	floord
TYPE	road_ceiling

QUADTEX      20.00  240.00  200.00 	0.0	0.0
     -40.00  240.00  200.00		0.0	1.0
     -40.00  240.00  40.00		2.0	1.0
  20.00  240.00  40.00		2.0	0.0

QUADTEX      80.00  240.00  200.00 	0.0	0.0
      20.00  240.00  200.00		0.0	1.0
      20.00  240.00  40.00		2.0	1.0
80.00  240.00  40.00		2.0	0.0

QUADTEX      140.00  240.00  200.00 	0.0	0.0
      80.00  240.00  200.00		0.0	1.0
      80.00  240.00  40.00		2.0	1.0
140.00  240.00  40.00		2.0	0.0

QUADTEX      200.00  240.00  200.00 	0.0	0.0
     140.00  240.00  200.00		0.0	1.0
     140.00  240.00  40.00		2.0	1.0
 200.00  240.00  40.00		2.0	0.0


QUADTEX      160.00  240.00  40.00 	0.0	0.0
      0.00  240.00  40.00		0.0	2.0
      0.00  240.00  0.00		1.0	2.0
160.00  240.00  0.00		1.0	0.0





OBJECT 12 left_corner



TEXTURE	floor01
TYPE	left_curb

QUADTEX 0.00  0.00   0.00	0.0	2.0
	 0.00  240.00   0.00	0.0	0.0
	 0.00  240.00  40.00	1.0	0.0
	 0.00  0.00  40.00	1.0	2.0


QUADTEX  0.00  0.00  40.00	0.0	2.0
	  0.00  240.00  40.00	0.0	0.0
	 -40.00  240.00  40.00	1.0	0.0
	 -40.00  0.00  40.00	1.0	2.0


QUADTEX 110.00  240.00 200.00	1.0	0.0 
	 110.00  0.00 200.00	1.0	2.0 
	 30.00  0.00 200.00	0.0	2.0
	 30.00  240.00 200.00	0.0	0.0

QUADTEX 160.00  240.00 200.00	1.0	0.0
	 160.00  0.00 200.00	1.0	2.0
	 110.00  0.00 200.00	0.0	2.0
	 110.00  240.00 200.00	0.0	0.0



QUADTEX 30.00  240.00  200.00	1.0	0.0
 30.00  0.00  200.00	1.0	2.0
 -40.00  0.00  200.00	0.0	2.0
 -40.00  240.00  200.00	0.0	0.0




TEXTURE	floor01
TYPE	right_curb

QUADTEX	160.00 240.00   0.00	1.0	0.0
		160.00 0.00   0.00	1.0	2.0
		160.00 0.00  60.00	0.0	2.0
		160.00 240.00  60.00	0.0	0.0

QUADTEX	160.00 240.00   60.00	1.0	0.0
		160.00 0.00   60.00	1.0	2.0
		160.00 0.00  200.00	0.0	2.0
		160.00 240.00  200.00	0.0	0.0



TEXTURE	tile
TYPE	road_surface

QUADTEX 0.00  0.00   0.00	0.0	0.0
	 0.00  0.00  40.00	0.0	0.5
    160.00  0.00  40.00	2.0	0.5
    160.00  0.00   0.00	2.0	0.0

QUADTEX  0.00  0.00  40.00	0.0	0.0
     -40.00  0.00  40.00	0.0	0.5
     -40.00  0.00  200.00	2.0	0.5
      0.00  0.00  200.00	2.0	0.0

QUADTEX  160.00  0.00  40.00	0.0	0.0
     0.00  0.00  40.00		2.0	0.0
     0.00  0.00  200.00		2.0	2.0
      160.00  0.00  200.00	0.0	2.0










OBJECT 47 ROOM2
TEXTURE tile

QUAD 0.000000 0.000000 -80.000000
-80.000000 0.000000 -80.000000
-80.000000 0.000000 0.000000
0.000000 0.000000 0.000000

TEXTURE tile

QUAD 0.000000 0.000000 -160.000000
-80.000000 0.000000 -160.000000
-80.000000 0.000000 -80.000000
0.000000 0.000000 -80.000000

TEXTURE tile

QUAD 80.000000 0.000000 -160.000000
0.000000 0.000000 -160.000000
0.000000 0.000000 -80.000000
80.000000 0.000000 -80.000000

TEXTURE tile

QUAD 80.000000 0.000000 -80.000000
0.000000 0.000000 -80.000000
0.000000 0.000000 0.000000
80.000000 0.000000 0.000000

TEXTURE tile

QUAD 0.000000 0.000000 0.000000
-80.000000 0.000000 0.000000
-80.000000 0.000000 80.000000
0.000000 0.000000 80.000000

TEXTURE tile

QUAD 80.000000 0.000000 0.000000
0.000000 0.000000 0.000000
0.000000 0.000000 80.000000
80.000000 0.000000 80.000000

TEXTURE tile

QUAD 0.000000 0.000000 80.000000
-80.000000 0.000000 80.000000
-80.000000 0.000000 160.000000
0.000000 0.000000 160.000000

TEXTURE tile

QUAD 80.000000 0.000000 80.000000
0.000000 0.000000 80.000000
0.000000 0.000000 160.000000
80.000000 0.000000 160.000000

TEXTURE floor01

QUAD -80.000000 0.000000 -160.000000
-80.000000 120.000000 -160.000000
-80.000000 120.000000 -80.000000
-80.000000 0.000000 -80.000000


QUAD -80.000000 0.000000 -80.000000
-80.000000 120.000000 -80.000000
-80.000000 120.000000 0.000000
-80.000000 0.000000 0.000000



QUAD -80.000000 0.000000 0.000000
-80.000000 120.000000 0.000000
-80.000000 120.000000 80.000000
-80.000000 0.000000 80.000000


QUAD -80.000000 0.000000 80.000000
-80.000000 120.000000 80.000000
-80.000000 120.000000 160.000000
-80.000000 0.000000 160.000000



QUAD 80.000000 0.000000 -80.000000
80.000000 120.000000 -80.000000
80.000000 120.000000 -160.000000
80.000000 0.000000 -160.000000



QUAD 80.000000 0.000000 0.000000
80.000000 120.000000 0.000000
80.000000 120.000000 -80.000000
80.000000 0.000000 -80.000000



QUAD 80.000000 0.000000 80.000000
80.000000 120.000000 80.000000
80.000000 120.000000 0.000000
80.000000 0.000000 0.000000



QUAD 80.000000 0.000000 160.000000
80.000000 120.000000 160.000000
80.000000 120.000000 80.000000
80.000000 0.000000 80.000000



QUAD 80.000000 120.000000 -80.000000
80.000000 240.000000 -80.000000
80.000000 240.000000 -160.000000
80.000000 120.000000 -160.000000



QUAD 80.000000 120.000000 0.000000
80.000000 240.000000 0.000000
80.000000 240.000000 -80.000000
80.000000 120.000000 -80.000000



QUAD 80.000000 120.000000 80.000000
80.000000 240.000000 80.000000
80.000000 240.000000 0.000000
80.000000 120.000000 0.000000



QUAD 80.000000 120.000000 160.000000
80.000000 240.000000 160.000000
80.000000 240.000000 80.000000
80.000000 120.000000 80.000000



QUAD -80.000000 120.000000 -160.000000
-80.000000 240.000000 -160.000000
-80.000000 240.000000 -80.000000
-80.000000 120.000000 -80.000000



QUAD -80.000000 120.000000 -80.000000
-80.000000 240.000000 -80.000000
-80.000000 240.000000 0.000000
-80.000000 120.000000 0.000000



QUAD -80.000000 120.000000 0.000000
-80.000000 240.000000 0.000000
-80.000000 240.000000 80.000000
-80.000000 120.000000 80.000000



QUAD -80.000000 120.000000 80.000000
-80.000000 240.000000 80.000000
-80.000000 240.000000 160.000000
-80.000000 120.000000 160.000000

TEXTURE chbrick4

QUAD 0.000000 240.000000 -160.000000
0.000000 240.000000 -80.000000
-80.000000 240.000000 -80.000000
-80.000000 240.000000 -160.000000

TEXTURE chbrick4

QUAD 80.000000 240.000000 -160.000000
80.000000 240.000000 -80.000000
0.000000 240.000000 -80.000000
0.000000 240.000000 -160.000000

TEXTURE chbrick4

QUAD 0.000000 240.000000 -80.000000
0.000000 240.000000 0.000000
-80.000000 240.000000 0.000000
-80.000000 240.000000 -80.000000

TEXTURE chbrick4

QUAD 80.000000 240.000000 -80.000000
80.000000 240.000000 0.000000
0.000000 240.000000 0.000000
0.000000 240.000000 -80.000000

TEXTURE chbrick4

QUAD 0.000000 240.000000 0.000000
0.000000 240.000000 80.000000
-80.000000 240.000000 80.000000
-80.000000 240.000000 0.000000

TEXTURE chbrick4

QUAD 80.000000 240.000000 0.000000
80.000000 240.000000 80.000000
0.000000 240.000000 80.000000
0.000000 240.000000 0.000000

TEXTURE chbrick4

QUAD 0.000000 240.000000 80.000000
0.000000 240.000000 160.000000
-80.000000 240.000000 160.000000
-80.000000 240.000000 80.000000

TEXTURE chbrick4

QUAD 80.000000 240.000000 80.000000
80.000000 240.000000 160.000000
0.000000 240.000000 160.000000
0.000000 240.000000 80.000000

OBJECT 172	!wall0-240-160

TEXTURE	wall1
TYPE	wall
QUAD		0.00  0.00   0.00
		0.00  240.00   0.00
		0.00  240.00  160.00
		0.00  0.00  160.00
