OBJECT 182 CROSSING01

TEXTURE corridor01
TRITEX -446.95062000 24.21678000 -339.98457000 0.900756 -0.41885799999999995
       364.03737000 24.21678000 -339.98457000 0.902121 1.079361
       -446.95056000 24.21678000 413.24679000 0.096514 -0.4188590000000001
       
TRITEX -446.95056000 24.21678000 413.24679000 0.096514 -0.4188590000000001
       364.03737000 24.21678000 -339.98457000 0.902121 1.079361
       364.03737000 24.21678000 413.24679000 0.097879 1.079361
       
TRITEX -446.95056000 37.34178000 413.24679000 -0.333003 -0.418439
       364.03737000 37.34178000 -339.98457000 1.250906 1.081231
       -446.95062000 37.34178000 -339.98457000 1.251966 -0.4181999999999999
       
TRITEX 364.03737000 24.21678000 413.24679000 0.9995 0.999501
       364.03737000 37.34178000 413.24679000 0.9995 0.0004990000000000272
       -446.95056000 24.21678000 413.24679000 0.0005 0.999501
       
TRITEX -446.95056000 24.21678000 413.24679000 0.0005 0.999501
       364.03737000 37.34178000 413.24679000 0.9995 0.0004990000000000272
       -446.95056000 37.34178000 413.24679000 0.0005 0.0004990000000000272
       
TRITEX -446.95062000 37.34178000 -339.98457000 0.9995 0.0004990000000000272
       364.03737000 37.34178000 -339.98457000 0.0005 0.0004990000000000272
       -446.95062000 24.21678000 -339.98457000 0.9995 0.999501
       
TRITEX -446.95062000 24.21678000 -339.98457000 0.9995 0.999501
       364.03737000 37.34178000 -339.98457000 0.0005 0.0004990000000000272
       364.03737000 24.21678000 -339.98457000 0.0005 0.999501
       
TRITEX -446.95056000 37.34178000 413.24679000 0.9995 0.0004990000000000272
       -446.95062000 37.34178000 -339.98457000 0.0005 0.0004990000000000272
       -446.95056000 24.21678000 413.24679000 0.9995 0.999501
       
TRITEX -446.95056000 24.21678000 413.24679000 0.9995 0.999501
       -446.95062000 37.34178000 -339.98457000 0.0005 0.0004990000000000272
       -446.95062000 24.21678000 -339.98457000 0.0005 0.999501
       
TRITEX 364.03737000 24.21678000 -339.98457000 0.9995 0.999501
       364.03737000 37.34178000 -339.98457000 0.9995 0.0004990000000000272
       364.03737000 24.21678000 413.24679000 0.0005 0.999501
       
TRITEX 364.03737000 24.21678000 413.24679000 0.0005 0.999501
       364.03737000 37.34178000 -339.98457000 0.9995 0.0004990000000000272
       364.03737000 37.34178000 413.24679000 0.0005 0.0004990000000000272
       
TRITEX 364.03737000 37.34178000 413.24679000 -0.331638 1.079781
       364.03737000 37.34178000 -339.98457000 1.250906 1.081231
       -446.95056000 37.34178000 413.24679000 -0.333003 -0.418439


OBJECT 183 CORRIDOR01


TEXTURE corridor01
TRITEX -367.98024 24.21678 -208.62789 0.900756 -0.41885799999999995
       354.83226 24.21678 -208.62789 0.902121 1.079361
       -367.98024 24.21678 212.30961 0.096514 -0.4188590000000001
       
TRITEX -367.98024 24.21678 212.30961 0.096514 -0.4188590000000001
       354.83226 24.21678 -208.62789 0.902121 1.079361
       354.83226 24.21678 212.30961 0.097879 1.079361
       
TRITEX 354.83226 37.34178 212.30961 0.097879 1.079361
       354.83226 37.34178 -208.62789 0.902121 1.079361
       -367.98024 37.34178 212.30961 0.096514 -0.4188590000000001
       
TRITEX -367.98024 37.34178 212.30961 0.096514 -0.4188590000000001
       354.83226 37.34178 -208.62789 0.902121 1.079361
       -367.98024 37.34178 -208.62789 0.900756 -0.41885799999999995
       
TRITEX 354.83226 24.21678 212.30961 0.9995 0.999501
       354.83226 37.34178 212.30961 0.9995 0.0004990000000000272
       -367.98024 24.21678 212.30961 0.0005 0.999501
       
TRITEX -367.98024 24.21678 212.30961 0.0005 0.999501
       354.83226 37.34178 212.30961 0.9995 0.0004990000000000272
       -367.98024 37.34178 212.30961 0.0005 0.0004990000000000272
       
TRITEX -367.98024 37.34178 -208.62789 0.9995 0.0004990000000000272
       354.83226 37.34178 -208.62789 0.0005 0.0004990000000000272
       -367.98024 24.21678 -208.62789 0.9995 0.999501
       
TRITEX -367.98024 24.21678 -208.62789 0.9995 0.999501
       354.83226 37.34178 -208.62789 0.0005 0.0004990000000000272
       354.83226 24.21678 -208.62789 0.0005 0.999501
       
TRITEX -367.98024 37.34178 212.30961 0.9995 0.0004990000000000272
       -367.98024 37.34178 -208.62789 0.0005 0.0004990000000000272
       -367.98024 24.21678 212.30961 0.9995 0.999501
       
TRITEX -367.98024 24.21678 212.30961 0.9995 0.999501
       -367.98024 37.34178 -208.62789 0.0005 0.0004990000000000272
       -367.98024 24.21678 -208.62789 0.0005 0.999501
       
TRITEX 354.83226 24.21678 -208.62789 0.9995 0.999501
       354.83226 37.34178 -208.62789 0.9995 0.0004990000000000272
       354.83226 24.21678 212.30961 0.0005 0.999501
       
TRITEX 354.83226 24.21678 212.30961 0.0005 0.999501
       354.83226 37.34178 -208.62789 0.9995 0.0004990000000000272
       354.83226 37.34178 212.30961 0.0005 0.0004990000000000272
       


OBJECT 184 CROSSING02

TEXTURE corridor01
TRITEX 405.46071000 24.21678000 -369.47823000 0.9995 0.999501
       405.46071000 37.34178000 -369.47823000 0.9995 0.0004990000000000272
       405.46071000 24.21678000 383.75307000 0.0005 0.999501
       
TRITEX -405.52725000 24.21678000 383.75307000 0.9995 0.999501
       -405.52725000 37.34178000 -369.47823000 0.0005 0.0004990000000000272
       -405.52725000 24.21678000 -369.47823000 0.0005 0.999501
       
TRITEX -405.52725000 37.34178000 383.75307000 0.9995 0.0004990000000000272
       -405.52725000 37.34178000 -369.47823000 0.0005 0.0004990000000000272
       -405.52725000 24.21678000 383.75307000 0.9995 0.999501
       
TRITEX -405.52725000 24.21678000 -369.47823000 0.9995 0.999501
       405.46071000 37.34178000 -369.47823000 0.0005 0.0004990000000000272
       405.46071000 24.21678000 -369.47823000 0.0005 0.999501
       
TRITEX -405.52725000 37.34178000 -369.47823000 0.9995 0.0004990000000000272
       405.46071000 37.34178000 -369.47823000 0.0005 0.0004990000000000272
       -405.52725000 24.21678000 -369.47823000 0.9995 0.999501
       
TRITEX -405.52725000 24.21678000 383.75307000 0.0005 0.999501
       405.46071000 37.34178000 383.75307000 0.9995 0.0004990000000000272
       -405.52725000 37.34178000 383.75307000 0.0005 0.0004990000000000272
       
TRITEX 405.46071000 24.21678000 383.75307000 0.9995 0.999501
       405.46071000 37.34178000 383.75307000 0.9995 0.0004990000000000272
       -405.52725000 24.21678000 383.75307000 0.0005 0.999501
       
TRITEX -405.52725000 37.34178000 383.75307000 -0.333003 -0.418439
       405.46071000 37.34178000 -369.47823000 1.250906 1.081231
       -405.52725000 37.34178000 -369.47823000 1.251966 -0.4181999999999999
       
TRITEX 405.46071000 37.34178000 383.75307000 -0.331638 1.079781
       405.46071000 37.34178000 -369.47823000 1.250906 1.081231
       -405.52725000 37.34178000 383.75307000 -0.333003 -0.418439
       
TRITEX -405.52725000 24.21678000 383.75307000 0.096514 -0.4188590000000001
       405.46071000 24.21678000 -369.47823000 0.902121 1.079361
       405.46071000 24.21678000 383.75307000 0.097879 1.079361
       
TRITEX -405.52725000 24.21678000 -369.47823000 0.900756 -0.41885799999999995
       405.46071000 24.21678000 -369.47823000 0.902121 1.079361
       -405.52725000 24.21678000 383.75307000 0.096514 -0.4188590000000001
       
TRITEX 405.46071000 24.21678000 383.75307000 0.0005 0.999501
       405.46071000 37.34178000 -369.47823000 0.9995 0.0004990000000000272
       405.46071000 37.34178000 383.75307000 0.0005 0.0004990000000000272
       
       

OBJECT 185 CROSSING03

TEXTURE corridor01
TRITEX -412.15143000 24.21678000 -333.56100000 0.900756 -0.41885799999999995
       398.83653000 24.21678000 -333.56100000 0.902121 1.079361
       -412.15140000 24.21678000 419.67036000 0.096514 -0.4188590000000001
       
TRITEX -412.15140000 24.21678000 419.67036000 0.096514 -0.4188590000000001
       398.83653000 24.21678000 -333.56100000 0.902121 1.079361
       398.83653000 24.21678000 419.67036000 0.097879 1.079361
       
TRITEX 398.83653000 37.34178000 419.67036000 -0.331638 1.079781
       398.83653000 37.34178000 -333.56100000 1.250906 1.081231
       -412.15140000 37.34178000 419.67036000 -0.333003 -0.418439
       
TRITEX -412.15140000 37.34178000 419.67036000 -0.333003 -0.418439
       398.83653000 37.34178000 -333.56100000 1.250906 1.081231
       -412.15143000 37.34178000 -333.56100000 1.251966 -0.4181999999999999
       
TRITEX 398.83653000 24.21678000 419.67036000 0.9995 0.999501
       398.83653000 37.34178000 419.67036000 0.9995 0.0004990000000000272
       -412.15140000 24.21678000 419.67036000 0.0005 0.999501
       
TRITEX -412.15140000 24.21678000 419.67036000 0.0005 0.999501
       398.83653000 37.34178000 419.67036000 0.9995 0.0004990000000000272
       -412.15140000 37.34178000 419.67036000 0.0005 0.0004990000000000272
       
TRITEX -412.15143000 37.34178000 -333.56100000 0.9995 0.0004990000000000272
       398.83653000 37.34178000 -333.56100000 0.0005 0.0004990000000000272
       -412.15143000 24.21678000 -333.56100000 0.9995 0.999501
       
TRITEX -412.15143000 24.21678000 -333.56100000 0.9995 0.999501
       398.83653000 37.34178000 -333.56100000 0.0005 0.0004990000000000272
       398.83653000 24.21678000 -333.56100000 0.0005 0.999501
       
TRITEX -412.15140000 37.34178000 419.67036000 0.9995 0.0004990000000000272
       -412.15143000 37.34178000 -333.56100000 0.0005 0.0004990000000000272
       -412.15140000 24.21678000 419.67036000 0.9995 0.999501
       
TRITEX -412.15140000 24.21678000 419.67036000 0.9995 0.999501
       -412.15143000 37.34178000 -333.56100000 0.0005 0.0004990000000000272
       -412.15143000 24.21678000 -333.56100000 0.0005 0.999501
       
TRITEX 398.83653000 24.21678000 -333.56100000 0.9995 0.999501
       398.83653000 37.34178000 -333.56100000 0.9995 0.0004990000000000272
       398.83653000 24.21678000 419.67036000 0.0005 0.999501
       
TRITEX 398.83653000 24.21678000 419.67036000 0.0005 0.999501
       398.83653000 37.34178000 -333.56100000 0.9995 0.0004990000000000272
       398.83653000 37.34178000 419.67036000 0.0005 0.0004990000000000272
       

OBJECT 186 CORRIDOR02


TEXTURE corridor01
TRITEX -284.31603000 21.84094000 -209.50134000 0.900756 -0.41885799999999995
       294.81942000 363.80590000 -209.50137000 0.902121 1.079361
       -284.31603000 21.84091000 211.43616000 0.096514 -0.4188590000000001
       
TRITEX -284.31603000 21.84091000 211.43616000 0.096514 -0.4188590000000001
       294.81942000 363.80590000 -209.50137000 0.902121 1.079361
       294.81942000 363.80590000 211.43613000 0.097879 1.079361
       
TRITEX 294.81942000 376.93090000 211.43613000 0.097879 1.079361
       294.81942000 376.93090000 -209.50137000 0.902121 1.079361
       -284.31603000 34.96591000 211.43616000 0.096514 -0.4188590000000001
       
TRITEX -284.31603000 34.96591000 211.43616000 0.096514 -0.4188590000000001
       294.81942000 376.93090000 -209.50137000 0.902121 1.079361
       -284.31603000 34.96594000 -209.50134000 0.900756 -0.41885799999999995
       
TRITEX 294.81942000 363.80590000 211.43613000 0.9995 0.999501
       294.81942000 376.93090000 211.43613000 0.9995 0.0004990000000000272
       -284.31603000 21.84091000 211.43616000 0.0005 0.999501
       
TRITEX -284.31603000 21.84091000 211.43616000 0.0005 0.999501
       294.81942000 376.93090000 211.43613000 0.9995 0.0004990000000000272
       -284.31603000 34.96591000 211.43616000 0.0005 0.0004990000000000272
       
TRITEX -284.31603000 34.96594000 -209.50134000 0.9995 0.0004990000000000272
       294.81942000 376.93090000 -209.50137000 0.0005 0.0004990000000000272
       -284.31603000 21.84094000 -209.50134000 0.9995 0.999501
       
TRITEX -284.31603000 21.84094000 -209.50134000 0.9995 0.999501
       294.81942000 376.93090000 -209.50137000 0.0005 0.0004990000000000272
       294.81942000 363.80590000 -209.50137000 0.0005 0.999501
       
TRITEX -284.31603000 34.96591000 211.43616000 0.9995 0.0004990000000000272
       -284.31603000 34.96594000 -209.50134000 0.0005 0.0004990000000000272
       -284.31603000 21.84091000 211.43616000 0.9995 0.999501
       
TRITEX -284.31603000 21.84091000 211.43616000 0.9995 0.999501
       -284.31603000 34.96594000 -209.50134000 0.0005 0.0004990000000000272
       -284.31603000 21.84094000 -209.50134000 0.0005 0.999501
       
TRITEX 294.81942000 363.80590000 -209.50137000 0.9995 0.999501
       294.81942000 376.93090000 -209.50137000 0.9995 0.0004990000000000272
       294.81942000 363.80590000 211.43613000 0.0005 0.999501
       
TRITEX 294.81942000 363.80590000 211.43613000 0.0005 0.999501
       294.81942000 376.93090000 -209.50137000 0.9995 0.0004990000000000272
       294.81942000 376.93090000 211.43613000 0.0005 0.0004990000000000272
       
       

OBJECT 187 CORRIDOR03


TEXTURE corridor01
TRITEX -180.84036000 24.21678000 -211.22166000 0.900756 -0.41885799999999995
       179.35431000 24.21678000 -211.22166000 0.902121 1.079361
       -180.84036000 24.21678000 209.71584000 0.096514 -0.4188590000000001
       
TRITEX -180.84036000 24.21678000 209.71584000 0.096514 -0.4188590000000001
       179.35431000 24.21678000 -211.22166000 0.902121 1.079361
       179.35431000 24.21678000 209.71584000 0.097879 1.079361
       
TRITEX 179.35431000 37.34178000 209.71584000 0.097879 0.40303999999999995
       179.35431000 37.34178000 -211.22166000 0.902121 0.40303999999999995
       -180.84036000 37.34178000 209.71584000 0.096514 -0.4188590000000001
       
TRITEX -180.84036000 37.34178000 209.71584000 0.096514 -0.4188590000000001
       179.35431000 37.34178000 -211.22166000 0.902121 0.40303999999999995
       -180.84036000 37.34178000 -211.22166000 0.900756 -0.41885799999999995
       
TRITEX 179.35431000 24.21678000 209.71584000 0.9995 0.999501
       179.35431000 37.34178000 209.71584000 0.9995 0.0004990000000000272
       -180.84036000 24.21678000 209.71584000 0.0005 0.999501
       
TRITEX -180.84036000 24.21678000 209.71584000 0.0005 0.999501
       179.35431000 37.34178000 209.71584000 0.9995 0.0004990000000000272
       -180.84036000 37.34178000 209.71584000 0.0005 0.0004990000000000272
       
TRITEX -180.84036000 37.34178000 -211.22166000 0.9995 0.0004990000000000272
       179.35431000 37.34178000 -211.22166000 0.0005 0.0004990000000000272
       -180.84036000 24.21678000 -211.22166000 0.9995 0.999501
       
TRITEX -180.84036000 24.21678000 -211.22166000 0.9995 0.999501
       179.35431000 37.34178000 -211.22166000 0.0005 0.0004990000000000272
       179.35431000 24.21678000 -211.22166000 0.0005 0.999501
       
TRITEX -180.84036000 37.34178000 209.71584000 0.9995 0.0004990000000000272
       -180.84036000 37.34178000 -211.22166000 0.0005 0.0004990000000000272
       -180.84036000 24.21678000 209.71584000 0.9995 0.999501
       
TRITEX -180.84036000 24.21678000 209.71584000 0.9995 0.999501
       -180.84036000 37.34178000 -211.22166000 0.0005 0.0004990000000000272
       -180.84036000 24.21678000 -211.22166000 0.0005 0.999501
       
TRITEX 179.35431000 24.21678000 -211.22166000 0.9995 0.999501
       179.35431000 37.34178000 -211.22166000 0.9995 0.0004990000000000272
       179.35431000 24.21678000 209.71584000 0.0005 0.999501
       
TRITEX 179.35431000 24.21678000 209.71584000 0.0005 0.999501
       179.35431000 37.34178000 -211.22166000 0.9995 0.0004990000000000272
       179.35431000 37.34178000 209.71584000 0.0005 0.0004990000000000272
       
       


OBJECT 189 ROOM02


TEXTURE corridor01
TRITEX -255.40140000 6.40428000 165.31512000 0.9995 0.84965
       -255.40140000 37.34178000 165.31512000 0.9995 0.15034999999999998
       -255.40140000 6.40428000 -172.54911000 0.0005 0.84965
       
TRITEX 248.97360000 6.40428000 -172.54911000 0.9995 0.84965
       248.97360000 37.34178000 165.31512000 0.0005 0.15034999999999998
       248.97360000 6.40428000 165.31512000 0.0005 0.84965
       
TRITEX 248.97360000 37.34178000 -172.54911000 0.9995 0.15034999999999998
       248.97360000 37.34178000 165.31512000 0.0005 0.15034999999999998
       248.97360000 6.40428000 -172.54911000 0.9995 0.84965
       
TRITEX 248.97360000 6.40428000 165.31512000 0.9995 0.84965
       -255.40140000 37.34178000 165.31512000 0.0005 0.15034999999999998
       -255.40140000 6.40428000 165.31512000 0.0005 0.84965
       
TRITEX 248.97360000 37.34178000 165.31512000 0.9995 0.15034999999999998
       -255.40140000 37.34178000 165.31512000 0.0005 0.15034999999999998
       248.97360000 6.40428000 165.31512000 0.9995 0.84965
       
TRITEX 248.97360000 6.40428000 -172.54911000 0.0005 0.84965
       -255.40140000 37.34178000 -172.54911000 0.9995 0.15034999999999998
       248.97360000 37.34178000 -172.54911000 0.0005 0.15034999999999998
       
TRITEX -255.40140000 6.40428000 -172.54911000 0.9995 0.84965
       -255.40140000 37.34178000 -172.54911000 0.9995 0.15034999999999998
       248.97360000 6.40428000 -172.54911000 0.0005 0.84965
       
TRITEX 248.97360000 37.34178000 -172.54911000 0.0005 0.84965
       -255.40140000 37.34178000 165.31512000 0.9995 0.15034999999999998
       248.97360000 37.34178000 165.31512000 0.0005 0.15034999999999998
       
TRITEX -255.40140000 37.34178000 -172.54911000 0.9995 0.84965
       -255.40140000 37.34178000 165.31512000 0.9995 0.15034999999999998
       248.97360000 37.34178000 -172.54911000 0.0005 0.84965
       
TRITEX 248.97360000 6.40428000 -172.54911000 0.9995 0.84965
       -255.40140000 6.40428000 165.31512000 0.0005 0.15034999999999998
       -255.40140000 6.40428000 -172.54911000 0.0005 0.84965
       
TRITEX 248.97360000 6.40428000 165.31512000 0.9995 0.15034999999999998
       -255.40140000 6.40428000 165.31512000 0.0005 0.15034999999999998
       248.97360000 6.40428000 -172.54911000 0.9995 0.84965
       
TRITEX -255.40140000 6.40428000 -172.54911000 0.0005 0.84965
       -255.40140000 37.34178000 165.31512000 0.9995 0.15034999999999998
       -255.40140000 37.34178000 -172.54911000 0.0005 0.15034999999999998
       

OBJECT 190 BLOCK01


TEXTURE entrance_uni2
TRITEX 64.6875 120.15807000000001 12.46878 0.572584 0.0004990000000000272
       64.6875 0.15807000000000002 -56.25 0.0005 0.999501
       64.6875 104.17694999999999 -56.25 0.0005 0.13354200000000005
       
TRITEX 64.6875 120.15807000000001 63.75 0.9995 0.0004990000000000272
       64.6875 0.15807000000000002 -56.25 0.0005 0.999501
       64.6875 120.15807000000001 12.46878 0.572584 0.0004990000000000272
       
TRITEX 64.6875 0.15807000000000002 63.75 0.9995 0.999501
       64.6875 0.15807000000000002 -56.25 0.0005 0.999501
       64.6875 120.15807000000001 63.75 0.9995 0.0004990000000000272
       
TRITEX -55.3125 104.17694999999999 63.75 0.0005 0.13354200000000005
       -55.3125 0.15807000000000002 -56.25 0.9995 0.999501
       -55.3125 0.15807000000000002 63.75 0.0005 0.999501
       
TRITEX -55.3125 76.26999 -56.25 0.9995 0.36586799999999997
       -55.3125 0.15807000000000002 -56.25 0.9995 0.999501
       -55.3125 104.17694999999999 63.75 0.0005 0.13354200000000005
       
TRITEX 64.6875 120.15807000000001 63.75 0.0005 0.0004990000000000272
       -55.3125 0.15807000000000002 63.75 0.9995 0.999501
       64.6875 0.15807000000000002 63.75 0.0005 0.999501
       
TRITEX 13.40628 120.15807000000001 63.75 0.427416 0.0004990000000000272
       -55.3125 0.15807000000000002 63.75 0.9995 0.999501
       64.6875 120.15807000000001 63.75 0.0005 0.0004990000000000272
       
TRITEX -55.3125 104.17694999999999 63.75 0.9995 0.13354200000000005
       -55.3125 0.15807000000000002 63.75 0.9995 0.999501
       13.40628 120.15807000000001 63.75 0.427416 0.0004990000000000272
       
TRITEX 64.6875 104.17694999999999 -56.25 0.9995 0.13354200000000005
       -55.3125 0.15807000000000002 -56.25 0.0005 0.999501
       -55.3125 76.26999 -56.25 0.0005 0.36586799999999997
       
TRITEX 64.6875 0.15807000000000002 -56.25 0.9995 0.999501
       -55.3125 0.15807000000000002 -56.25 0.0005 0.999501
       64.6875 104.17694999999999 -56.25 0.9995 0.13354200000000005
       
TRITEX 13.40628 120.15807000000001 63.75 0.572584 0.0004999999999999449
       64.6875 120.15807000000001 63.75 0.999501 0.0004999999999999449
       64.6875 120.15807000000001 12.46878 0.9995 0.427416
       
TRITEX 64.6875 0.15807000000000002 63.75 0.0005 0.0004999999999999449
       -55.3125 0.15807000000000002 -56.25 0.999501 0.9995
       64.6875 0.15807000000000002 -56.25 0.0005 0.999501
       
TRITEX -55.3125 0.15807000000000002 63.75 0.9995 0.0004990000000000272
       -55.3125 0.15807000000000002 -56.25 0.999501 0.9995
       64.6875 0.15807000000000002 63.75 0.0005 0.0004999999999999449
       
TRITEX -55.3125 120.15807000000001 -56.25 0.0005 0.9995
       64.6875 120.15807000000001 12.46878 0.9995 0.427416
       64.6875 120.15807000000001 -56.25 0.9995 0.999501
       
TRITEX -55.3125 120.15807000000001 63.75 0.0005 0.0004990000000000272
       64.6875 120.15807000000001 12.46878 0.9995 0.427416
       -55.3125 120.15807000000001 -56.25 0.0005 0.9995
       
TRITEX 13.40628 120.15807000000001 63.75 0.572584 0.0004999999999999449
       64.6875 120.15807000000001 12.46878 0.9995 0.427416
       -55.3125 120.15807000000001 63.75 0.0005 0.0004990000000000272
       
TRITEX -55.3125 92.05215 -56.25 0.0005 0.23448199999999997
       64.6875 104.17694999999999 -56.25 0.9995 0.13354200000000005
       -21.573780000000003 84.11618999999999 -56.25 0.281375 0.30054800000000004
       
TRITEX -55.3125 120.15807000000001 -56.25 0.0005 0.0004990000000000272
       64.6875 104.17694999999999 -56.25 0.9995 0.13354200000000005
       -55.3125 92.05215 -56.25 0.0005 0.23448199999999997
       
TRITEX 64.6875 120.15807000000001 -56.25 0.9995 0.0004990000000000272
       64.6875 104.17694999999999 -56.25 0.9995 0.13354200000000005
       -55.3125 120.15807000000001 -56.25 0.0005 0.0004990000000000272
       
TRITEX -55.3125 120.15807000000001 63.75 0.9995 0.0004990000000000272
       -55.3125 104.17694999999999 63.75 0.9995 0.13354200000000005
       13.40628 120.15807000000001 63.75 0.427416 0.0004990000000000272
       
TRITEX -55.3125 120.15807000000001 -56.25 0.9995 0.0004990000000000272
       -55.3125 104.17694999999999 63.75 0.0005 0.13354200000000005
       -55.3125 120.15807000000001 63.75 0.0005 0.0004990000000000272
       
TRITEX -55.3125 92.05215 -56.25 0.9995 0.23448199999999997
       -55.3125 104.17694999999999 63.75 0.0005 0.13354200000000005
       -55.3125 120.15807000000001 -56.25 0.9995 0.0004990000000000272
       
TRITEX -55.3125 84.15981000000001 -22.323809999999998 0.717065 0.30018500000000004
       -55.3125 104.17694999999999 63.75 0.0005 0.13354200000000005
       -55.3125 92.05215 -56.25 0.9995 0.23448199999999997
       
TRITEX 64.6875 120.15807000000001 12.46878 0.572584 0.0004990000000000272
       64.6875 104.17694999999999 -56.25 0.0005 0.13354200000000005
       64.6875 120.15807000000001 -56.25 0.0005 0.0004990000000000272
       

TEXTURE entrance_uni1
TRITEX -21.573780000000003 84.11618999999999 -56.25 0.718625 0.9995
       -55.3125 84.15981000000001 -22.323809999999998 0.9995 0.7170650000000001
       -55.3125 92.05215 -56.25 0.999501 0.9995
       
TRITEX -21.573780000000003 84.11618999999999 -56.25 0.281375 0.9995
       -55.3125 76.26999 -56.25 0.0005 0.9995
       -55.3125 84.15981000000001 -22.323809999999998 0.0005 0.7170650000000001
       
OBJECT 191 BLOCK02


TEXTURE corridor07
TRITEX -55.3125 120.18132 -56.25 0.0005 0.9995
       64.6875 120.18132 63.75 0.999501 0.0004999999999999449
       64.6875 120.18132 -56.25 0.9995 0.999501
       
TRITEX -55.3125 120.18132 -43.52847 0.0005 0.893593
       64.6875 120.18132 63.75 0.999501 0.0004999999999999449
       -55.3125 120.18132 -56.25 0.0005 0.9995
       
TRITEX -5.23044 120.18132 63.75 0.417433 0.0004999999999999449
       64.6875 120.18132 63.75 0.999501 0.0004999999999999449
       -55.3125 120.18132 -43.52847 0.0005 0.893593
       
TRITEX -55.3125 120.18132 -56.25 0.0005 0.0004990000000000272
       64.6875 56.69865 -56.25 0.9995 0.528993
       -55.3125 53.45502 -56.25 0.0005 0.5559970000000001
       
TRITEX 64.6875 120.18132 -56.25 0.9995 0.0004990000000000272
       64.6875 56.69865 -56.25 0.9995 0.528993
       -55.3125 120.18132 -56.25 0.0005 0.0004990000000000272
       
TRITEX -5.23044 120.18132 63.75 0.582567 0.0004990000000000272
       64.6875 29.47008 63.75 0.0005 0.755671
       64.6875 120.18132 63.75 0.0005 0.0004990000000000272
       
TRITEX -55.3125 93.18132 63.75 0.9995 0.225275
       64.6875 29.47008 63.75 0.0005 0.755671
       -5.23044 120.18132 63.75 0.582567 0.0004990000000000272
       
TRITEX -55.3125 26.22642 63.75 0.9995 0.782675
       64.6875 29.47008 63.75 0.0005 0.755671
       -55.3125 93.18132 63.75 0.9995 0.225275
       
TRITEX -55.3125 120.18132 -43.52847 0.893593 0.0004990000000000272
       -55.3125 26.22642 63.75 0.0005 0.782675
       -55.3125 93.18132 63.75 0.0005 0.225275
       
TRITEX -55.3125 120.18132 -56.25 0.9995 0.0004990000000000272
       -55.3125 26.22642 63.75 0.0005 0.782675
       -55.3125 120.18132 -43.52847 0.893593 0.0004990000000000272
       
TRITEX -55.3125 53.45502 -56.25 0.9995 0.5559970000000001
       -55.3125 26.22642 63.75 0.0005 0.782675
       -55.3125 120.18132 -56.25 0.9995 0.0004990000000000272
       
TRITEX 64.6875 120.18132 -56.25 0.0005 0.0004990000000000272
       64.6875 29.47008 63.75 0.9995 0.755671
       64.6875 56.69865 -56.25 0.0005 0.528993
       
TRITEX 64.6875 120.18132 63.75 0.9995 0.0004990000000000272
       64.6875 29.47008 63.75 0.9995 0.755671
       64.6875 120.18132 -56.25 0.0005 0.0004990000000000272
       
TRITEX -55.3125 0.18132 -56.25 0.999501 0.9995
       64.6875 0.18132 63.75 0.0005 0.0004999999999999449
       -55.3125 0.18132 63.75 0.9995 0.0004990000000000272
       
TRITEX 64.6875 0.18132 -56.25 0.0005 0.999501
       64.6875 0.18132 63.75 0.0005 0.0004999999999999449
       -55.3125 0.18132 -56.25 0.999501 0.9995
       
TRITEX -55.3125 0.18132 -56.25 0.0005 0.999501
       64.6875 56.69865 -56.25 0.9995 0.528993
       64.6875 0.18132 -56.25 0.9995 0.999501
       
TRITEX -55.3125 37.60236 -56.25 0.0005 0.68797
       64.6875 56.69865 -56.25 0.9995 0.528993
       -55.3125 0.18132 -56.25 0.0005 0.999501
       
TRITEX -23.75979 54.30789 -56.25 0.263176 0.548896
       64.6875 56.69865 -56.25 0.9995 0.528993
       -55.3125 37.60236 -56.25 0.0005 0.68797
       
TRITEX -55.3125 0.18132 63.75 0.9995 0.999501
       64.6875 29.47008 63.75 0.0005 0.755671
       -55.3125 26.22642 63.75 0.9995 0.782675
       
TRITEX 64.6875 0.18132 63.75 0.0005 0.999501
       64.6875 29.47008 63.75 0.0005 0.755671
       -55.3125 0.18132 63.75 0.9995 0.999501
       
TRITEX -55.3125 37.60236 -56.25 0.9995 0.68797
       -55.3125 26.22642 63.75 0.0005 0.782675
       -55.3125 45.884879999999995 -22.88745 0.721757 0.6190180000000001
       
TRITEX -55.3125 0.18132 -56.25 0.9995 0.999501
       -55.3125 26.22642 63.75 0.0005 0.782675
       -55.3125 37.60236 -56.25 0.9995 0.68797
       
TRITEX -55.3125 0.18132 63.75 0.0005 0.999501
       -55.3125 26.22642 63.75 0.0005 0.782675
       -55.3125 0.18132 -56.25 0.9995 0.999501
       
TRITEX 64.6875 0.18132 -56.25 0.0005 0.999501
       64.6875 29.47008 63.75 0.9995 0.755671
       64.6875 0.18132 63.75 0.9995 0.999501
       
TRITEX 64.6875 56.69865 -56.25 0.0005 0.528993
       64.6875 29.47008 63.75 0.9995 0.755671
       64.6875 0.18132 -56.25 0.0005 0.999501
       
TRITEX -55.3125 120.18132 -8.02668 0.598041 0.0004990000000000272
       -55.3125 120.18132 -43.52847 0.893593 0.0004990000000000272
       -55.3125 110.61873 -5.53368 0.577287 0.08010799999999996
       
TRITEX -43.907250000000005 120.18132 -19.09782 0.095448 0.6902079999999999
       -55.3125 120.18132 -43.52847 0.0005 0.893593
       -55.3125 120.18132 -8.02668 0.0005 0.598041
       

TEXTURE entrance_uni1
TRITEX -55.3125 120.18132 -43.52847 0.0005 0.893593
       -55.3125 93.18132 63.75 0.0005 0.0004990000000000272
       -5.23044 120.18132 63.75 0.417433 0.0004999999999999449
       
TRITEX -55.3125 37.60236 -56.25 0.0005 0.9995
       -55.3125 45.884879999999995 -22.88745 0.0005 0.721757
       -23.75979 54.30789 -56.25 0.263176 0.9995
       
TRITEX -55.3125 110.61873 -5.53368 0.9995 0.08010799999999996
       -43.907250000000005 120.18132 -19.09782 0.904552 0.0004990000000000272
       -55.3125 120.18132 -8.02668 0.9995 0.0004990000000000272
       
TRITEX -23.75979 54.30789 -56.25 0.736824 0.9995
       -55.3125 45.884879999999995 -22.88745 0.9995 0.721757
       -55.3125 53.45502 -56.25 0.999501 0.9995
       

OBJECT 192 ROOM06


TEXTURE corridor01
TRITEX -253.77387000 6.40428000 296.19117000 0.9995 0.999501
       -253.77387000 37.34178000 296.19117000 0.9995 0.0004990000000000272
       -253.77387000 6.40428000 -311.30883000 0.0005 0.999501
       
TRITEX 250.60113000 6.40428000 -311.30883000 0.9995 0.999501
       250.60113000 37.34178000 296.19117000 0.0005 0.0004990000000000272
       250.60113000 6.40428000 296.19117000 0.0005 0.999501
       
TRITEX 250.60113000 37.34178000 -311.30883000 0.9995 0.0004990000000000272
       250.60113000 37.34178000 296.19117000 0.0005 0.0004990000000000272
       250.60113000 6.40428000 -311.30883000 0.9995 0.999501
       
TRITEX 250.60113000 6.40428000 296.19117000 0.9995 0.999501
       -253.77387000 37.34178000 296.19117000 0.0005 0.0004990000000000272
       -253.77387000 6.40428000 296.19117000 0.0005 0.999501
       
TRITEX 250.60113000 37.34178000 296.19117000 0.9995 0.0004990000000000272
       -253.77387000 37.34178000 296.19117000 0.0005 0.0004990000000000272
       250.60113000 6.40428000 296.19117000 0.9995 0.999501
       
TRITEX 250.60113000 6.40428000 -311.30883000 0.0005 0.999501
       -253.77387000 37.34178000 -311.30883000 0.9995 0.0004990000000000272
       250.60113000 37.34178000 -311.30883000 0.0005 0.0004990000000000272
       
TRITEX -253.77387000 6.40428000 -311.30883000 0.9995 0.999501
       -253.77387000 37.34178000 -311.30883000 0.9995 0.0004990000000000272
       250.60113000 6.40428000 -311.30883000 0.0005 0.999501
       
TRITEX 250.60113000 37.34178000 -311.30883000 0.0005 0.9995
       -253.77387000 37.34178000 296.19117000 0.9995 0.0004999999999999449
       250.60113000 37.34178000 296.19117000 0.0005 0.0004990000000000272
       
TRITEX -253.77387000 37.34178000 -311.30883000 0.9995 0.999501
       -253.77387000 37.34178000 296.19117000 0.9995 0.0004999999999999449
       250.60113000 37.34178000 -311.30883000 0.0005 0.9995
       
TRITEX 250.60113000 6.40428000 -311.30883000 0.9995 0.9995
       -253.77387000 6.40428000 296.19117000 0.0005 0.0004999999999999449
       -253.77387000 6.40428000 -311.30883000 0.0005 0.999501
       
TRITEX 250.60113000 6.40428000 296.19117000 0.9995 0.0004990000000000272
       -253.77387000 6.40428000 296.19117000 0.0005 0.0004999999999999449
       250.60113000 6.40428000 -311.30883000 0.9995 0.9995
       
TRITEX -253.77387000 6.40428000 -311.30883000 0.0005 0.999501
       -253.77387000 37.34178000 296.19117000 0.9995 0.0004990000000000272
       -253.77387000 37.34178000 -311.30883000 0.0005 0.0004990000000000272
       

OBJECT 193 ROOM05


TEXTURE corridor01
TRITEX -373.79862000 24.21678000 -831.05730000 0.9995 0.999501
       454.97598000 37.34178000 -831.05736000 0.0005 0.0004990000000000272
       454.97598000 24.21678000 -831.05736000 0.0005 0.999501
       
TRITEX -373.79862000 37.34178000 -831.05730000 0.9995 0.0004990000000000272
       454.97598000 37.34178000 -831.05736000 0.0005 0.0004990000000000272
       -373.79862000 24.21678000 -831.05730000 0.9995 0.999501
       
TRITEX -373.79859000 24.21678000 694.52247000 0.0005 0.999501
       454.97601000 37.34178000 694.52247000 0.9995 0.0004990000000000272
       -373.79859000 37.34178000 694.52247000 0.0005 0.0004990000000000272
       
TRITEX -373.79859000 37.34178000 694.52247000 0.9995 0.0004990000000000272
       -373.79862000 37.34178000 -831.05730000 0.0005 0.0004990000000000272
       -373.79859000 24.21678000 694.52247000 0.9995 0.999501
       
TRITEX -373.79859000 37.34178000 694.52247000 -0.99782 -0.418439
       454.97598000 37.34178000 -831.05736000 1.99187 1.081231
       -373.79862000 37.34178000 -831.05730000 1.99293 -0.4181999999999999
       
TRITEX 454.97601000 37.34178000 694.52247000 -0.996455 1.079781
       454.97598000 37.34178000 -831.05736000 1.99187 1.081231
       -373.79859000 37.34178000 694.52247000 -0.99782 -0.418439
       
TRITEX -373.79859000 24.21678000 694.52247000 0.096514 -0.4188590000000001
       454.97598000 24.21678000 -831.05736000 0.902121 1.079361
       454.97601000 24.21678000 694.52247000 0.097879 1.079361
       
TRITEX -373.79862000 24.21678000 -831.05730000 0.900756 -0.41885799999999995
       454.97598000 24.21678000 -831.05736000 0.902121 1.079361
       -373.79859000 24.21678000 694.52247000 0.096514 -0.4188590000000001
       
TRITEX -373.79859000 24.21678000 694.52247000 0.9995 0.999501
       -373.79862000 37.34178000 -831.05730000 0.0005 0.0004990000000000272
       -373.79862000 24.21678000 -831.05730000 0.0005 0.999501
       
TRITEX 454.97598000 24.21678000 -831.05736000 0.9995 0.999501
       454.97598000 37.34178000 -831.05736000 0.9995 0.0004990000000000272
       454.97601000 24.21678000 694.52247000 0.0005 0.999501
       
TRITEX 454.97601000 24.21678000 694.52247000 0.9995 0.999501
       454.97601000 37.34178000 694.52247000 0.9995 0.0004990000000000272
       -373.79859000 24.21678000 694.52247000 0.0005 0.999501
       
TRITEX 454.97601000 24.21678000 694.52247000 0.0005 0.999501
       454.97598000 37.34178000 -831.05736000 0.9995 0.0004990000000000272
       454.97601000 37.34178000 694.52247000 0.0005 0.0004990000000000272


END_FILE

** EVERYTHING BELOW "END_FILE" IS IGNORED **

0 1
0 0
1 1
1 0

